s: 0.100000000000000
h: 0.700000000000000
w: 3.141592653589793
ke: 1.300000000000000
k: 1.300000000000000
denom: 0.700000000000000
ex0: 7.000000000000000
formula: 2*h*ke^2*x0*exp(-ke^2*x0^2)*cos(k*x0-w*t)-h*(1-exp(-ke^2*x0^2))*sin(k*x0-w*t)*k+2*s*(x0-ex0)/denom^2*exp(-(x0-ex0)^2/denom^2)*(1+(2*h*ke^2*x0*exp(-ke^2*x0^2)*cos(k*x0-w*t)-h*(1-exp(-ke^2*x0^2))*sin(k*x0-w*t)*k)^2)^(1/2)+s*(1-exp(-(x0-ex0)^2/denom^2))/(1+(2*h*ke^2*x0*exp(-ke^2*x0^2)*cos(k*x0-w*t)-h*(1-exp(-ke^2*x0^2))*sin(k*x0-w*t)*k)^2)^(1/2)*(2*h*ke^2*x0*exp(-ke^2*x0^2)*cos(k*x0-w*t)-h*(1-exp(-ke^2*x0^2))*sin(k*x0-w*t)*k)*(2*h*ke^2*exp(-ke^2*x0^2)*cos(k*x0-w*t)-4*h*ke^4*x0^2*exp(-ke^2*x0^2)*cos(k*x0-w*t)-4*h*ke^2*x0*exp(-ke^2*x0^2)*sin(k*x0-w*t)*k-h*(1-exp(-ke^2*x0^2))*cos(k*x0-w*t)*k^2)
position: 0.5 0.0 0.0
